start=276.683000
volume=62.000000
border=no
